psLayout version 3

match	mis- 	rep. 	N's	Q gap	Q gap	T gap	T gap	strand	Q        	Q   	Q    	Q  	T        	T   	T    	T  	block	blockSizes 	qStarts	 tStarts
     	match	match	   	count	bases	count	bases	      	name     	size	start	end	name     	size	start	end	count
---------------------------------------------------------------------------------------------------------------------------------------------------------------
93	0	0	0	0	0	0	0	-	HWI-ST729_125601625:5:1303:6440:72532	100	0	93	chr1	249250621	209945323	209945416	1	93,	7,	209945323,
90	3	0	0	0	0	1	2	-	HWI-ST729_125601625:5:1303:6440:72532	100	0	93	chr1	249250621	209945027	209945122	2	88,5,	7,95,	209945027,209945117,
61	3	0	0	1	3	1	40	-	HWI-ST729_125601625:5:1303:6440:72532	100	22	89	chr1	249250621	209943857	209943961	2	40,24,	11,54,	209943857,209943937,
93	0	0	0	0	0	0	0	-	HWI-ST729_125601625:6:1212:21031:90334	100	0	93	chr1	249250621	209945323	209945416	1	93,	7,	209945323,
90	3	0	0	0	0	1	2	-	HWI-ST729_125601625:6:1212:21031:90334	100	0	93	chr1	249250621	209945027	209945122	2	88,5,	7,95,	209945027,209945117,
61	3	0	0	1	3	1	40	-	HWI-ST729_125601625:6:1212:21031:90334	100	22	89	chr1	249250621	209943857	209943961	2	40,24,	11,54,	209943857,209943937,
66	2	0	0	1	1	1	3	+	HWI-ST729_125601625:6:1106:6587:82663	100	31	100	chr8	146364022	80867422	80867493	2	56,12,	31,88,	80867422,80867481,
62	0	0	28	0	0	0	0	-	HWI-ST729_125601625:5:1310:1452:80510	100	1	91	chr1	249250621	209945651	209945741	1	90,	9,	209945651,
54	3	0	0	1	15	2	5	+	HWI-ST729_125601625:6:2306:2063:64990	100	28	100	chr7	159138663	28163743	28163805	3	26,19,12,	28,54,88,	28163743,28163770,28163793,
48	3	0	0	1	4	1	6	+	HWI-ST729_125601625:6:2306:2063:64990	100	29	84	chr7	159138663	105327840	105327897	2	21,30,	29,54,	105327840,105327867,
34	3	0	0	0	0	0	0	+	HWI-ST729_125601625:6:2306:2063:64990	100	54	91	chr22	51304566	29347329	29347366	1	37,	54,	29347329,
33	3	0	0	0	0	0	0	+	HWI-ST729_125601625:6:2306:2063:64990	100	54	90	chr22	51304566	37135284	37135320	1	36,	54,	37135284,
39	1	0	0	0	0	1	1	+	HWI-ST729_125601625:6:2306:2063:64990	100	28	68	chr2	243199373	57698694	57698735	2	26,14,	28,54,	57698694,57698721,
59	4	0	0	1	2	2	2	+	HWI-ST729_125601625:6:2306:2063:64990	100	28	93	chr18	78077248	25392494	25392559	3	20,4,39,	28,50,54,	25392494,25392515,25392520,
51	4	0	0	0	0	2	65	+	HWI-ST729_125601625:6:2306:2063:64990	100	45	100	chr17	81195210	19599426	19599546	3	9,40,6,	45,54,94,	19599426,19599436,19599540,
42	2	0	0	0	0	1	1	+	HWI-ST729_125601625:6:2306:2063:64990	100	28	72	chr15	102531392	93093519	93093564	2	26,18,	28,54,	93093519,93093546,
39	1	0	0	1	4	1	5	+	HWI-ST729_125601625:6:2306:2063:64990	100	28	72	chr15	102531392	91231833	91231878	2	22,18,	28,54,	91231833,91231860,
39	1	0	0	1	4	1	5	+	HWI-ST729_125601625:6:2306:2063:64990	100	28	72	chr10	135534747	34878311	34878356	2	22,18,	28,54,	34878311,34878338,
47	3	0	0	1	4	1	5	-	HWI-ST729_125601625:6:2306:2063:64990	100	30	84	chr5	180915260	73621430	73621485	2	30,20,	16,50,	73621430,73621465,
40	2	0	0	0	0	0	0	-	HWI-ST729_125601625:6:2306:2063:64990	100	54	96	chr3	198022430	52835690	52835732	1	42,	4,	52835690,
81	0	0	0	0	0	0	0	-	HWI-ST729_125601625:6:2306:2063:64990	100	19	100	chr1	249250621	209945660	209945741	1	81,	0,	209945660,
43	2	0	0	0	0	1	1	-	HWI-ST729_125601625:6:2306:2063:64990	100	28	73	chr1	249250621	157913693	157913739	2	19,26,	27,46,	157913693,157913713,
