psLayout version 3

match	mis- 	rep. 	N's	Q gap	Q gap	T gap	T gap	strand	Q        	Q   	Q    	Q  	T        	T   	T    	T  	block	blockSizes 	qStarts	 tStarts
     	match	match	   	count	bases	count	bases	      	name     	size	start	end	name     	size	start	end	count
---------------------------------------------------------------------------------------------------------------------------------------------------------------
39	2	0	0	0	0	0	0	+	consensus	134	0	41	chr3	198022430	52835691	52835732	1	41,	0,	52835691,
133	0	0	0	1	1	1	1691	+	consensus	134	0	134	chr1	249250621	209945665	209947489	3	73,10,50,	0,73,84,	209945665,209947429,209947439,
43	2	0	0	0	0	1	1	+	consensus	134	22	67	chr1	249250621	157913693	157913739	2	19,26,	22,41,	157913693,157913713,
48	3	0	0	1	4	1	6	-	consensus	134	11	66	chr7	159138663	105327840	105327897	2	21,30,	68,93,	105327840,105327867,
43	2	0	0	0	0	1	1	-	consensus	134	22	67	chr7	159138663	28163743	28163789	2	26,19,	67,93,	28163743,28163770,
45	2	0	0	1	9	2	20	-	consensus	134	23	79	chr3	198022430	113899213	113899280	3	10,20,17,	55,65,94,	113899213,113899233,113899263,
37	4	0	0	0	0	0	0	-	consensus	134	0	41	chr22	51304566	29347329	29347370	1	41,	93,	29347329,
33	3	0	0	0	0	0	0	-	consensus	134	5	41	chr22	51304566	37135284	37135320	1	36,	93,	37135284,
39	1	0	0	0	0	1	1	-	consensus	134	27	67	chr2	243199373	57698694	57698735	2	26,14,	67,93,	57698694,57698721,
44	1	0	0	1	12	1	13	-	consensus	134	10	67	chr2	243199373	21179738	21179796	2	18,27,	67,97,	21179738,21179769,
59	4	0	0	1	2	2	2	-	consensus	134	2	67	chr18	78077248	25392494	25392559	3	20,4,39,	67,89,93,	25392494,25392515,25392520,
45	4	0	0	0	0	1	1	-	consensus	134	1	50	chr17	81195210	19599426	19599476	2	9,40,	84,93,	19599426,19599436,
42	2	0	0	0	0	1	1	-	consensus	134	23	67	chr15	102531392	93093519	93093564	2	26,18,	67,93,	93093519,93093546,
39	1	0	0	1	4	1	5	-	consensus	134	23	67	chr15	102531392	91231833	91231878	2	22,18,	67,93,	91231833,91231860,
48	3	0	0	1	4	1	5	-	consensus	134	11	66	chr12	133851895	104256753	104256809	2	21,30,	68,93,	104256753,104256779,
39	1	0	0	1	4	1	5	-	consensus	134	23	67	chr10	135534747	34878311	34878356	2	22,18,	67,93,	34878311,34878338,
